hp.png		0.05 	15 	500 25 25 3
hp.png		0.07 	25 	500 32 32 3
hp.png		0.09 	35 	500 39 39 3
can.png 	0.05    1.03    500 25 25 4
can.png 	0.07    1.05    500 32 32 4
can.png 	0.09    1.08    500 39 39 4
energy.png 	0.05	15	500 25 25 0
energy.png 	0.07	25	500 32 32 0
energy.png 	0.09	35	500 39 39 0
hkk.png 	0.05	1.03	500 25 25 1
hkk.png 	0.07	1.05	500 32 32 1
hkk.png 	0.09	1.08	500 39 39 1
speed.png       0.05	0.98	500 25 25 2
speed.png       0.07	0.95	500 32 32 2
speed.png       0.09	0.93	500 39 39 2
cash.png 	0.05    15	500 25 25 5
cash.png 	0.07    25	500 32 32 5
cash.png 	0.09    55	500 39 39 5