0 5714.29 34370 0  2 1100 300  40000 0 0  2
10 1 10 10 475 340.923  495 337.643  20 barrel.png 475 319.283  20 20  170.686
10 2 10 12 542 317.183  567 306.418  25 barrel.png 542 286.8  25 25  156.703

250 5714.29 34370 0  2 1100 350  40000 0 0  4
1 0 13.5 493  30 30  0.05 fish.png 0 10
1 0 72 564  40 40  0.1 fish.png 0 15
1 0 644 544  40 40  0.1 fish.png 0 15
2 0 312.885 171 312.885  20 25  0.05 rodBonus.png -858993460 1.05

22.9348 150 317.357  200 338.513  100 182.935  150 150  ship.png
0 15.4 0.08 200 106.05 257.038  106.05 228.056  15 20  hook.png

-23.171 0 1 243.95 290.645  200 34910 1 
0

10 38930 10 38940

0 0 300  -95 1005 42  0.15 sea.png

80 77 32 