0 5442.18 40040 0  3 1000 0  40000 40020 0  2
18 1 10 10 446 311.063  466 320.673  20 barrel.png 446 295.868  20 20  -154.337
18 1 10 10 789 339.975  809 335.408  20 barrel.png 789 317.692  20 20  167.138

250 5442.18 40040 0  3 1000 342  40000 40020 0  3
1 0 105.998 448  44 29  0.06 fish2.png 0 18
1 0 449.799 450  44 29  0.06 fish2.png 0 18
1 0 790 346  44 29  0.06 fish2.png 0 18

14.5469 150 300.514  200 313.488  100 162.001  150 150  ship.png
0 13.8 0.08 102.234 247.671  102.234 218.613  15 20  hook.png

-14.0185 0 1 247.766 258.732  200 42750 1 
1
20.0838 542.224 234.099  245.439 238.594  10 10  0.4 42750 0 0.939192 cannonball.png 0.343394
 
10 43540 20 43560

0 310 -40 1005 342  0.15 sea.png

38 51 160 